Codigo Lasca Nucleo Pulido Tallada Pulida Bloque Canto Largo Ancho Espesor Uso Descarte Manufactura Reciclado Abastecimiento
CO_147_2_29_B_G8 1 0 0 1 0 1 0 7.27 8.46 3.23 1 0 0 0 0
CO_147_2_29_B_G31 1 0 0 1 0 1 0 6.73 5 2.14 1 0 0 0 0
CO_147_2_29_B_G7 1 0 0 1 0 1 0 5.02 3.47 1.41 1 0 0 0 0
CO_147_2_29_B_E37 1 0 0 1 0 1 0 6.78 1.87 0.86 1 0 0 0 0
CO_147_2_29_B_B23 1 0 0 1 0 1 0 5.86 3.95 1.18 1 0 0 0 0
CO_147_2_29_B_D21_1 1 0 0 1 0 0 1 4.44 6.43 1.72 1 0 0 0 0
CO_147_2_29_B_D21_2 1 0 0 1 0 0 1 2.68 2.85 0.66 1 0 0 0 0
CO_147_2_29_B_D37 1 0 0 1 0 0 1 6.66 6.19 2.41 1 0 0 0 0
CO_147_2_29_B_D39_1 1 0 0 1 0 1 0 2.53 2.67 0.66 1 0 0 0 0
CO_147_2_29_B_H6 1 0 0 1 0 1 0 5.47 2.75 1 0 1 0 0 0
CO_147_2_29_B_F29 1 0 0 1 0 0 1 9.01 7.06 2.24 0 0 1 0 0
CO_147_2_29_B_F30 1 0 0 1 0 1 0 5.31 3.95 1.93 1 0 0 0 0
CO_147_2_29_B_F28 1 0 0 1 0 1 0 2.92 3.83 0.87 1 0 0 0 0
CO_147_2_29_B_F37 1 0 0 1 0 0 1 5.04 7.03 1.22 1 0 0 0 0
CO_147_2_29_B_F34 1 0 0 1 0 1 0 7.42 5.47 1.64 1 0 0 0 0
CO_147_2_29_B_F32 1 0 0 1 0 1 0 7.08 4.19 1.51 1 0 0 0 0
CO_147_2_29_B_C45 1 0 0 1 0 1 0 4.67 7.94 2.52 1 0 0 0 0
CO_147_2_29_B_C19 1 0 0 1 0 1 0 4.66 5.8 1.45 1 0 0 0 0
CO_147_2_29_B_G28 1 0 0 1 0 0 1 4.81 6.59 1.81 1 0 0 0 0
CO_147_2_29_B_I20_1 1 0 0 1 0 1 0 4.02 2.36 0.78 1 0 0 0 0
CO_147_2_29_B_I20_2 1 0 0 1 0 1 0 6.28 8.4 1.51 1 0 0 0 0
CO_147_2_29_B_E27 1 0 0 1 0 0 1 2.74 5.57 1.13 0 1 0 0 0
CO_147_2_29_B_E33 1 0 0 1 0 0 1 7.24 4.86 1.11 1 0 0 0 0
CO_147_2_29_B_B26 1 0 0 1 0 1 0 4.37 5.86 1.7 1 0 0 0 0
CO_147_2_29_B_A41 1 0 0 1 0 0 1 3.69 2.95 1.69 1 0 0 0 0
CO_147_2_29_B_D6 1 0 0 1 0 0 1 3.71 4 2.15 1 0 0 0 0
CO_147_2_29_B_G7 1 0 0 1 0 1 0 5.24 3.29 1.28 1 0 0 0 0
CO_147_2_29_B_H7 1 0 0 1 0 1 0 4.14 4.26 1.12 1 0 0 0 0
CO_147_2_29_B_H6_1 1 0 0 1 0 1 0 1.93 7.13 1.39 1 0 0 0 0
CO_147_2_29_B_H6_2 1 0 0 1 0 0 1 6.17 9.9 1.52 1 0 0 0 0
CO_147_2_29_B_G8 1 0 0 1 0 1 0 5.24 4.32 2.04 0 1 0 0 0
CO_147_2_29_B_F10_1 1 0 0 1 0 1 0 4.92 3.52 0.94 1 0 0 0 0
CO_147_2_29_B_D7 1 0 0 1 0 1 0 9.72 1.95 1.7 0 0 1 0 0
CO_147_2_29_B_B9 1 0 0 1 0 1 0 1.8 4.18 0.65 1 0 0 0 0
CO_147_2_29_B_B10_2 1 0 0 1 0 0 1 4.76 7.8 0.67 1 0 0 0 0
CO_147_2_29_B_A10_1 1 0 0 1 0 0 1 3.68 6.21 1.3 1 0 0 0 0
CO_147_2_29_B_E7_1 1 0 0 1 0 1 0 5.11 3.2 1.27 1 0 0 0 0
CO_147_2_29_B_E7_2 1 0 0 1 0 0 1 4.06 5.72 1.47 1 0 0 0 0
CO_147_2_29_B_H7 1 0 0 1 0 0 1 2.5 6.04 0.9 0 1 0 0 0
CO_147_2_29_B_C10_1 1 0 0 1 0 0 1 2.28 6.54 1.51 1 0 0 0 0
CO_147_2_29_B_C9 1 0 0 1 0 1 0 4.35 6.5 0.48 0 1 0 0 0
CO_147_2_29_B_G6 1 0 0 1 0 1 0 5.3 2.16 1.19 0 1 0 0 0
CO_147_2_29_B_D6 1 0 0 1 0 0 1 3.07 3.99 0.97 0 1 0 0 0
CO_147_2_29_B_D9 1 0 0 1 0 1 0 6.34 5.29 1.19 1 0 0 0 0
CO_147_2_29_B_F8 1 0 0 1 0 0 1 4.15 3.8 1.31 1 0 0 0 0
CO_147_2_29_B_F10_2 1 0 0 1 0 0 1 4.35 3.05 1.09 1 0 0 0 0
CO_147_2_29_B_E6_2 1 0 0 1 0 0 1 5.99 6.33 2.46 1 0 0 0 0
CO_147_2_29_B_B8 1 0 0 1 0 0 1 4.91 5.37 1.65 1 0 0 0 0
CO_147_2_29_B_B9_1 1 0 0 1 0 0 1 4.48 8.17 1.85 1 0 0 0 0
CO_147_2_29_B_B9_2 1 0 0 1 0 0 1 4.5 6.26 1.47 1 0 0 0 0
CO_147_2_29_B_B9_3 1 0 0 1 0 0 1 3.79 3 1.61 1 0 0 0 0
CO_147_2_29_B_B9_4 1 0 0 1 0 0 1 6.13 3.52 1.17 0 0 1 0 0
CO_147_2_29_B_B9_5 1 0 0 1 0 1 0 4.14 3.5 1.2 1 0 0 0 0
CO_147_2_29_B_A9 1 0 0 1 0 1 0 3.9 4.32 1.16 1 0 0 0 0
CO_147_2_29_B_A46 1 0 0 1 0 0 1 4.32 8.54 1.67 1 0 0 0 0
CO_147_2_29_B_A44 1 0 0 1 0 0 1 3.57 10.18 2.45 1 0 0 0 0
CO_147_2_29_B_D46_1 1 0 0 1 0 1 0 3.55 2.38 1.37 1 0 0 0 0
CO_147_2_29_B_D46_2 1 0 0 1 0 0 1 4.87 9.5 2.11 1 0 0 0 0
CO_147_2_29_B_D32_1 1 0 0 1 0 0 1 7.75 6.4 2.16 1 0 0 0 0
CO_147_2_29_B_D32_2 1 0 0 1 0 0 1 6.82 8.56 2.08 1 0 0 0 0
CO_147_2_29_B_D30_1 1 0 0 1 0 0 1 6.7 6.3 1.01 1 0 0 0 0
CO_147_2_29_B_D31 1 0 0 1 0 0 1 8.36 6.97 3.44 1 0 0 0 0
CO_147_2_29_B_D26 1 0 0 1 0 1 0 6.05 4.18 0.97 1 0 0 0 0
CO_147_2_29_B_D27 1 0 0 1 0 0 1 7.36 5.25 1.15 1 0 0 0 0
CO_147_2_29_B_G8 1 0 0 1 0 1 0 4.67 2.84 0.8 1 0 0 0 0
CO_147_2_29_B_G32 1 0 0 1 0 1 0 4.35 1.69 0.97 1 0 0 0 0
CO_147_2_29_B_F27 1 0 0 1 0 0 1 3 3.56 0.38 1 0 0 0 0
CO_147_2_29_B_F7_1 1 0 0 1 0 1 0 4.65 4.02 1.11 1 0 0 0 0
CO_147_2_29_B_F7_2 1 0 0 1 0 1 0 3.06 7.7 1.32 1 0 0 0 0
CO_147_2_29_B_F32 1 0 0 1 0 0 1 5.8 8.52 0.73 1 0 0 0 0
CO_147_2_29_B_B44 1 0 0 1 0 1 0 4.93 10.28 1.66 1 0 0 0 0
CO_147_2_29_B_B45 1 0 0 1 0 1 0 8.54 4.22 1.23 1 0 0 0 0
CO_147_2_29_B_B36_1 1 0 0 1 0 0 1 4.22 6.87 1.48 1 0 0 0 0
CO_147_2_29_B_B36_2 1 0 0 1 0 0 1 5.66 3.67 1.46 0 0 0 1 0
CO_147_2_29_B_C33 1 0 0 1 0 0 1 5.91 2.96 1.02 1 0 0 0 0
CO_147_2_29_B_C20 1 0 0 1 0 0 1 6.07 5.61 1.53 1 0 0 0 0
CO_147_2_29_B_C40 1 0 0 1 0 1 0 2.5 4.24 0.64 1 0 0 0 0
CO_147_2_29_B_C23 1 0 0 1 0 0 1 5.11 2.8 2.02 1 0 0 0 0
CO_147_2_29_B_C21_1 1 0 0 1 0 0 1 4.81 2.2 0.84 0 1 0 0 0
CO_147_2_29_B_C21_2 1 0 0 1 0 1 0 3.44 4.76 1.47 1 0 0 0 0
CO_147_2_29_B_C32_1 1 0 0 1 0 0 1 4.17 3.77 1.46 1 0 0 0 0
CO_147_2_29_B_C32_2 1 0 0 1 0 0 1 5.92 3.87 0.94 1 0 0 0 0
CO_147_2_29_B_C22_1 1 0 0 1 0 0 1 4.25 3.27 2.03 1 0 0 0 0
CO_147_2_29_B_C22_2 1 0 0 1 0 0 1 4.5 3.59 1.2 0 1 0 0 0
CO_147_2_29_B_C22_3 1 0 0 1 0 0 1 3.02 4.41 1.11 1 0 0 0 0
CO_147_2_29_B_C22_4 1 0 0 1 0 1 0 2.25 2.76 0.81 0 1 0 0 0
CO_147_2_29_B_E40 1 0 0 1 0 1 0 3.17 5.32 0.74 1 0 0 0 0
CO_147_2_29_B_E9 1 0 0 1 0 0 1 3.68 5.43 1.01 1 0 0 0 0
CO_147_2_29_B_E28 1 0 0 1 0 0 1 3.8 2.94 0.88 0 0 0 1 0
CO_147_2_29_B_E33 1 0 0 1 0 0 1 3.86 4.44 1.23 0 1 0 0 0
CO_147_2_29_B_E7 1 0 0 1 0 0 1 5.2 5.28 1.57 1 0 0 0 0
CO_147_2_29_B_E26_1 1 0 0 1 0 0 1 4.69 7.45 2.68 0 0 0 1 0
CO_147_2_29_B_E27_2 1 0 0 1 0 0 1 8.97 8.85 1.74 1 0 0 0 0
CO_147_2_29_B_E31_1 1 0 0 1 0 0 1 4.5 4.08 1.13 1 0 0 0 0
CO_147_2_29_B_E31_2 1 0 0 1 0 0 1 2.76 4.69 0.72 1 0 0 0 0
CO_147_2_29_B_E31_3 1 0 0 1 0 1 0 3.06 3.42 0.82 1 0 0 0 0
CO_147_2_29_B_E24_1 1 0 0 1 0 0 1 2.25 4.05 0.97 0 1 0 0 0
CO_147_2_29_B_E24_2 1 0 0 1 0 1 0 3.52 2.1 0.97 1 0 0 0 0
CO_147_2_29_B_D39_2 1 0 0 1 0 1 0 6.64 1.76 1.28 0 1 0 0 0
CO_147_2_29_B_D31 1 0 0 1 0 0 1 4.96 7.8 1.41 1 0 0 0 0
CO_147_2_29_B_D42_1 1 0 0 1 0 1 0 7.16 4.97 1.62 1 0 0 0 0
CO_147_2_29_B_D42_2 1 0 0 1 0 0 1 7.68 3.5 0.87 1 0 0 0 0
CO_147_2_29_B_C40 1 0 0 1 0 0 1 12.1 10.32 1.76 1 0 0 0 0
CO_147_2_29_B_C48_1 1 0 0 1 0 1 0 6.17 4.93 1.75 1 0 0 0 0
CO_147_2_29_B_B7 1 0 0 1 0 0 1 5.2 3.47 1.07 1 0 0 0 0
CO_147_2_29_B_B45_2 1 0 0 1 0 0 1 2.62 5.1 1.54 1 0 0 0 0
CO_147_2_29_B_A20_1 1 0 0 1 0 0 1 4.83 3.44 1.5 1 0 0 0 0
CO_147_2_29_B_A20_2 1 0 0 1 0 1 0 4.15 3.62 1.32 0 1 0 0 0
CO_147_2_29_B_E30 1 0 0 1 0 1 0 3.8 2.45 0.49 1 0 0 0 0
CO_147_2_29_B_C8 1 0 0 1 0 1 0 4.97 4.95 3.41 1 0 0 0 0
CO_147_2_29_B_A8_3 1 0 0 1 0 1 0 3 2.8 1.22 1 0 0 0 0
CO_147_2_29_B_A8_4 1 0 0 1 0 1 0 6.07 2.63 1.13 0 1 0 0 0
CO_147_2_29_B_F8 1 0 0 1 0 1 0 8.91 4.81 2.37 1 0 0 0 0
CO_147_2_29_B_F12_1 1 0 0 1 0 0 1 8.8 6.27 1.67 1 0 0 0 0
CO_147_2_29_B_B6_1 1 0 0 1 0 1 0 4.36 3.79 0.78 1 0 0 0 0
CO_147_2_29_B_B6_2 1 0 0 1 0 1 0 4.76 4.94 0.64 1 0 0 0 0
CO_147_2_29_B_B6_3 1 0 0 1 0 0 1 2.85 2.05 1.02 0 1 0 0 0
CO_147_2_29_B_B6_4 1 0 0 1 0 0 1 4.43 5.61 1.17 1 0 0 0 0
CO_147_2_29_B_I14 1 0 0 1 0 1 0 5.77 5.53 1.8 1 0 0 0 0
CO_147_2_29_B_I11 1 0 0 1 0 0 1 10.36 7.85 1.27 0 0 1 0 0
CO_147_2_29_B_I12_1 1 0 0 1 0 0 1 5.06 4.3 1.47 1 0 0 0 0
CO_147_2_29_B_I12_2 1 0 0 1 0 0 1 5.93 7.37 2.24 1 0 0 0 0
CO_147_2_29_B_I10 1 0 0 1 0 1 0 3.05 3.41 0.83 1 0 0 0 0
CO_147_2_29_B_E6 1 0 0 1 0 0 1 5.09 4.62 1.27 1 0 0 0 0
CO_147_2_29_B_E8 1 0 0 1 0 1 0 4.78 1.65 0.91 1 0 0 0 0
CO_147_2_29_B_A9_1 1 0 0 1 0 0 1 3.35 3.49 1.54 1 0 0 0 0
CO_147_2_29_B_A9_2 1 0 0 1 0 1 0 4.89 4.42 2.27 0 1 0 0 0
CO_147_2_29_B_A8_1 1 0 0 1 0 0 1 3.45 4.23 1.14 1 0 0 0 0
CO_147_2_29_B_A10_2 1 0 0 1 0 0 1 4.34 5.14 0.82 1 0 0 0 0
CO_147_2_29_B_F12_2 1 0 0 1 0 1 0 3.77 2.76 1.47 0 1 0 0 0
CO_147_2_29_B_I34 1 0 0 1 0 0 1 6.61 4.31 2.11 1 0 0 0 0
CO_147_2_29_B_B10_1 1 0 0 1 0 1 0 6.41 3.32 0.85 1 0 0 0 0
CO_147_2_29_B_B10_2 1 0 0 1 0 1 0 3.27 3.02 1.16 1 0 0 0 0
CO_147_2_29_B_A9_1 1 0 0 1 0 1 0 2.53 3.59 0.81 1 0 0 0 0
CO_147_2_29_B_A9_2 1 0 0 1 0 0 1 5.44 3.86 1.7 0 1 0 0 0
CO_147_2_29_B_A10_4 1 0 0 1 0 1 0 6.52 2.29 1.06 1 0 0 0 0
CO_147_2_29_B_B9 1 0 0 1 0 0 1 4.41 4.11 0.56 1 0 0 0 0
CO_147_2_29_B_B10_1 1 0 0 1 0 0 1 2.31 2.5 0.28 1 0 0 0 0
CO_147_2_29_B_B10_2 1 0 0 1 0 0 1 5.07 3.1 1.47 1 0 0 0 0
CO_147_2_29_B_B10_3 1 0 0 1 0 1 0 5.24 7.73 1.92 0 1 0 0 0
CO_147_2_29_B_H29 1 0 0 1 0 0 1 8.41 8.74 2.52 1 0 0 0 0
CO_147_2_29_B_C10_2 1 0 0 1 0 1 0 4.65 4.69 0.86 1 0 0 0 0
CO_147_2_29_B_C34 1 0 0 1 0 1 0 2.87 3.14 0.76 0 1 0 0 0
CO_147_2_29_B_I36 1 0 0 1 0 1 0 6.31 8.5 1.68 1 0 0 0 0
CO_147_2_29_B_I31 1 0 0 1 0 0 1 4.87 8.67 1.85 1 0 0 0 0
CO_147_2_29_B_A8_2 1 0 0 1 0 0 1 4.37 2.93 1.81 1 0 0 0 0
CO_147_2_29_B_G27 1 0 0 1 0 0 1 8.44 4.86 2.86 0 0 1 0 0
CO_147_2_29_B_G6 1 0 0 1 0 1 0 6.9 4.97 2.16 1 0 0 0 0
CO_147_2_29_B_F8 1 0 0 1 0 0 1 6.3 5.85 1.79 0 1 0 0 0
CO_147_2_29_B_D6 1 0 0 1 0 0 1 6.41 1.91 0.73 0 1 0 0 0
CO_147_2_29_B_D30 1 0 0 1 0 0 1 3.63 5.03 1.85 1 0 0 0 0
CO_147_2_29_B_D39 1 0 0 1 0 1 0 4.24 2.84 1.93 0 1 0 0 0
CO_147_2_29_B_C39 1 0 0 1 0 0 1 6.39 12.44 3.2 1 0 0 0 0
CO_147_2_29_B_C21 1 0 0 1 0 1 0 3.28 2.2 0.6 1 0 0 0 0
CO_147_2_29_B_A40 1 0 0 1 0 0 1 7.97 4.03 1.66 1 0 0 0 0
CO_147_2_29_B_A20_1 1 0 0 1 0 1 0 1.87 3.97 0.82 0 1 0 0 0
CO_147_2_29_B_A20_2 1 0 0 1 0 1 0 2.5 2.24 1.16 1 0 0 0 0
CO_147_2_29_B_F7_3 1 0 0 1 0 0 1 4.86 5.84 0.68 1 0 0 0 0
CO_147_2_29_B_F9_1 1 0 0 1 0 0 1 3.2 3.06 0.76 1 0 0 0 0
CO_147_2_29_B_F9_2 1 0 0 1 0 1 0 4.2 2.65 1.29 0 1 0 0 0
CO_147_2_29_B_F9_3 1 0 0 1 0 1 0 2.7 2.67 0.75 1 0 0 0 0
CO_147_2_29_B_C10_3 1 0 0 1 0 0 1 5.66 3.9 0.82 1 0 0 0 0
CO_147_2_29_B_C10_4 1 0 0 1 0 0 1 2.66 5.98 1.16 1 0 0 0 0
CO_147_2_29_B_D26 1 0 0 1 0 0 1 7.05 8.24 1.1 1 0 0 0 0
CO_147_2_29_B_D28 1 0 0 1 0 0 1 4.22 4.37 1.28 0 1 0 0 0
CO_147_2_29_B_H32 1 0 0 1 0 0 1 6.05 9.34 1.65 1 0 0 0 0
CO_147_2_29_B_B24 1 0 0 1 0 1 0 3.72 8.2 1.8 1 0 0 0 0
CO_147_2_29_B_F6 1 0 0 1 0 1 0 3.23 6.13 1.26 1 0 0 0 0
CO_146_2_29_A_B5_1 1 0 0 1 0 0 1 4.57 3.5 1.23 1 0 0 0 0
CO_146_2_29_A_B5_2 1 0 0 1 0 1 0 3.2 3.76 0.77 0 1 0 0 0
CO_146_2_29_A_E4_1 1 0 0 1 0 1 0 4.9 6.77 1.66 1 0 0 0 0
CO_146_2_29_A_E4_2 1 0 0 1 0 1 0 5.29 3.82 2.37 0 1 0 0 0
CO_146_2_29_A_E4_3 1 0 0 1 0 0 1 5.16 3.84 1.56 1 0 0 0 0
CO_146_2_29_A_E4_4 1 0 0 1 0 1 0 3.52 2.78 1.57 0 1 0 0 0
CO_146_2_29_A_C5_1 1 0 0 1 0 0 1 4.43 4.27 0.66 1 0 0 0 0
CO_146_2_29_A_C5_2 1 0 0 1 0 1 0 3.15 4.69 1.51 1 0 0 0 0
CO_146_2_29_A_A5_2 1 0 0 1 0 1 0 7.21 7.97 1.28 1 0 0 0 0
CO_146_2_29_A_A5_3 1 0 0 1 0 0 1 9.2 5.92 1.53 1 0 0 0 0
CO_146_2_29_A_A1_1 1 0 0 1 0 0 1 3.06 6.37 0.75 1 0 0 0 0
CO_146_2_29_A_A1_2 1 0 0 1 0 0 1 2.85 5.6 0.14 1 0 0 0 0
CO_146_2_29_A_A1_3 1 0 0 1 0 0 1 6.82 10.07 1.55 1 0 0 0 0
CO_146_2_29_A_F4_1 1 0 0 1 0 1 0 5.13 4.3 1.81 1 0 0 0 0
CO_146_2_29_A_F4_2 1 0 0 1 0 1 0 4.49 5.09 1.64 1 0 0 0 0
CO_146_2_29_A_F4_3 1 0 0 1 0 0 1 2.73 3.97 1.24 1 0 0 0 0
CO_146_2_29_A_F4_4 1 0 0 1 0 0 1 2.66 3.25 1.69 1 0 0 0 0
CO_146_2_29_A_F4_5 1 0 0 1 0 0 1 5.07 5.94 1.32 1 0 0 0 0
CO_146_2_29_A_F4_6 1 0 0 1 0 1 0 2.99 2.09 0.57 0 1 0 0 0
CO_146_2_29_A_A1_4 1 0 0 1 0 1 0 3.95 5.18 2.13 0 0 0 1 0
CO_146_2_29_A_A2_1 1 0 0 1 0 1 0 2.9 1.84 0.65 0 1 0 0 0
CO_146_2_29_A_A_1_1 1 0 0 1 0 0 1 3.51 5.47 1.05 1 0 0 0 0
CO_146_2_29_A_A_1_2 1 0 0 1 0 1 0 4.59 2.97 0.67 1 0 0 0 0
CO_146_2_29_A_A_2_1 1 0 0 1 0 1 0 6.22 7.26 2.52 1 0 0 0 0
CO_146_2_29_A_A_2_3 1 0 0 1 0 1 0 4.07 4.52 1.08 0 0 0 1 0
CO_146_2_29_A_A_3_1 1 0 0 1 0 0 1 3.09 5.24 0.86 1 0 0 0 0
CO_146_2_29_A_A_3_2 1 0 0 1 0 0 1 5.44 4.5 1.6 1 0 0 0 0
CO_146_2_29_A_A_3_3 1 0 0 1 0 1 0 3.14 3.94 0.57 1 0 0 0 0
CO_146_2_29_A_A_3_4 1 0 0 1 0 1 0 3.41 5.67 1.26 1 0 0 0 0
CO_146_2_29_A_A_3_5 1 0 0 1 0 0 1 2.46 5.25 1.88 0 1 0 0 0
CO_146_2_29_A_A_3_6 1 0 0 1 0 1 0 4 1.63 1.44 1 0 0 0 0
CO_146_2_29_A_A_3_7 1 0 0 1 0 0 1 7.36 11.79 2.85 1 0 0 0 0
CO_146_2_29_A_E4_5 1 0 0 1 0 0 1 5.35 4.23 0.85 0 1 0 0 0
CO_146_2_29_A_E4_6 1 0 0 1 0 0 1 2 3.49 1.07 1 0 0 0 0
CO_146_2_29_A_E4_7 1 0 0 1 0 1 0 2.4 3.02 0.89 1 0 0 0 0
CO_146_2_29_A_E4_8 1 0 0 1 0 1 0 6.38 3.8 2 0 1 0 0 0
CO_146_2_29_A_E4_9 1 0 0 1 0 1 0 3.43 2.56 0.22 1 0 0 0 0
CO_146_2_29_A_E4_10 1 0 0 1 0 0 1 4.17 6.14 1.82 1 0 0 0 0
CO_146_2_29_A_E4_11 1 0 0 1 0 1 0 7.22 6.55 2.92 0 1 0 0 0
CO_146_2_29_A_E4_12 1 0 0 1 0 0 1 6.29 6.05 4.98 0 0 1 0 0
CO_146_2_29_A_C_1_1 1 0 0 1 0 1 0 1.88 2.69 0.38 1 0 0 0 0
CO_146_2_29_A_C_1_2 1 0 0 1 0 1 0 1.11 1.67 0.22 0 1 0 0 0
CO_146_2_29_A_C_1_3 1 0 0 1 0 1 0 1.76 1.64 0.7 1 0 0 0 0
CO_146_2_29_A_C_1_4 1 0 0 1 0 1 0 4.08 6.11 1.15 0 1 0 0 0
CO_146_2_29_A_C_1_5 1 0 0 1 0 0 1 2.46 4.45 0.99 1 0 0 0 0
CO_146_2_29_A_C_1_6 1 0 0 1 0 1 0 2.03 3.63 0.92 1 0 0 0 0
CO_146_2_29_A_C_1_7 1 0 0 1 0 0 1 3.26 2.93 1.11 1 0 0 0 0
CO_146_2_29_A_B1_1 1 0 0 1 0 0 1 4.29 2.47 0.97 1 0 0 0 0
CO_146_2_29_A_B1_2 1 0 0 1 0 0 1 7.72 3.12 1.03 0 1 0 0 0
CO_146_2_29_A_B1_3 1 0 0 1 0 1 0 4.17 4.28 1.37 1 0 0 0 0
CO_146_2_29_A_B1_4 1 0 0 1 0 1 0 3 2.79 2.08 0 1 0 0 0
CO_146_2_29_A_B1_9 1 0 0 1 0 0 1 2.71 3.83 0.8 1 0 0 0 0
CO_146_2_29_A_B1_10 1 0 0 1 0 1 0 2.08 1.75 0.44 0 1 0 0 0
CO_146_2_29_A_G3_1 1 0 0 1 0 0 1 2.42 2.02 0.46 1 0 0 0 0
CO_146_2_29_A_G3_2 1 0 0 1 0 1 0 2.22 1.81 0.25 1 0 0 0 0
CO_146_2_29_A_G3_3 1 0 0 1 0 0 1 2.41 3.78 1.19 0 1 0 0 0
CO_146_2_29_A_G3_4 1 0 0 1 0 0 1 2.7 3.71 0.89 1 0 0 0 0
CO_146_2_29_A_G3_5 1 0 0 1 0 1 0 3.4 3.97 1.72 1 0 0 0 0
CO_146_2_29_A_G3_6 1 0 0 1 0 1 0 1.83 2.25 0.67 0 1 0 0 0
CO_146_2_29_A_G3_7 1 0 0 1 0 0 1 9.02 4.86 0.79 1 0 0 0 0
CO_146_2_29_A_G3_8 1 0 0 1 0 1 0 2.55 1.93 0.35 1 0 0 0 0
CO_146_2_29_A_G3_9 1 0 0 1 0 1 0 2.29 2.32 0.47 1 0 0 0 0
CO_146_2_29_A_G_3_1 1 0 0 1 0 1 0 2.45 2.23 0.76 0 1 0 0 0
CO_146_2_29_A_G_3_2 1 0 0 1 0 0 1 4.02 5.74 0.95 1 0 0 0 0
CO_146_2_29_A_G_3_3 1 0 0 1 0 0 1 3.52 2.25 0.9 1 0 0 0 0
CO_146_2_29_A_G_3_4 1 0 0 1 0 0 1 2.6 3.51 0.44 1 0 0 0 0
CO_146_2_29_A_G_3_5 1 0 0 1 0 1 0 1.74 3.26 0.45 1 0 0 0 0
CO_146_2_29_A_G_3_6 1 0 0 1 0 0 1 2.76 3 2.96 0 1 0 0 0
CO_146_2_29_A_G_3_7 1 0 0 1 0 0 1 3.4 2.16 1.68 0 1 0 0 0
CO_146_2_29_A_A_3_10 1 0 0 1 0 0 1 4.36 7.63 1.84 1 0 0 0 0
CO_146_2_29_A_A_3_11 1 0 0 1 0 0 1 3.72 6,403 1.36 1 0 0 0 0
CO_146_2_29_A_A_3_12 1 0 0 1 0 0 1 4.88 9.14 1.96 0 1 0 0 0
CO_146_2_29_A_A1_4 1 0 0 1 0 0 1 2.4 4.08 0.66 1 0 0 0 0
CO_146_2_29_A_A1_5 1 0 0 1 0 0 1 2.56 5.55 1.2 1 0 0 0 0
CO_146_2_29_A_B_3 1 0 0 1 0 0 1 7.23 7.68 1.42 1 0 0 0 0
CO_146_2_29_A_B2_1 1 0 0 1 0 0 1 5.61 3.56 1.2 1 0 0 0 0
CO_146_2_29_A_A1_6 1 0 0 1 0 0 1 3.22 4.88 1.05 1 0 0 0 0
CO_146_2_29_A_A_3_13 1 0 0 1 0 0 1 5.57 4.19 1.38 1 0 0 0 0
CO_146_2_29_A_A_3_14 1 0 0 1 0 0 1 9.92 2.97 1.69 1 0 0 0 0
CO_146_2_29_A_A_3_15 1 0 0 1 0 1 0 2.32 3.16 0.6 1 0 0 0 0
CO_146_2_29_A_A_3_16 1 0 0 1 0 0 1 4.33 2.64 0.96 0 1 0 0 0
CO_146_2_29_A_A_1_4 1 0 0 1 0 0 1 2.26 5.03 0.84 1 0 0 0 0
CO_146_2_29_A_A_2_4 1 0 0 1 0 0 1 5.5 6.18 1.42 1 0 0 0 0
CO_146_2_29_A_A_2_5 1 0 0 1 0 1 0 2.62 4.98 0.69 1 0 0 0 0
CO_146_2_29_A_A_2_6 1 0 0 1 0 1 0 2.37 5.44 0.72 1 0 0 0 0
CO_146_2_29_A_A_2_7 1 0 0 1 0 0 1 7.18 7.57 1.06 1 0 0 0 0
CO_146_2_29_A_E_1_1 1 0 0 1 0 0 1 2.43 2.23 0.62 1 0 0 0 0
CO_146_2_29_A_F_1_1 1 0 0 1 0 0 1 3.82 2.8 1.32 1 0 0 0 0
CO_146_2_29_A_D_2_1 1 0 0 1 0 1 0 2.65 2.62 1.58 1 0 0 0 0
CO_146_2_29_A_D_1 1 0 0 1 0 0 1 6.1 4.02 1.24 1 0 0 0 0
CO_146_2_29_A_D_3_1 1 0 0 1 0 0 1 5.75 7.52 1.66 1 0 0 0 0
CO_146_2_29_A_A_2_10 1 0 0 1 0 0 1 3.5 2.58 0.77 1 0 0 0 0
CO_146_2_29_A_A_2_11 1 0 0 1 0 1 0 3.09 2.57 1.13 1 0 0 0 0
CO_146_2_29_A_A_2_12 1 0 0 1 0 1 0 5.23 5.45 1.23 0 1 0 0 0
CO_146_2_29_A_A_2_13 1 0 0 1 0 1 0 5.87 5.86 1.67 1 0 0 0 0
CO_146_2_29_A_A_2_14 1 0 0 1 0 1 0 4.22 2.6 0.71 1 0 0 0 0
CO_146_2_29_A_A_2_15 1 0 0 1 0 0 1 3.91 5.03 1.67 0 1 0 0 0
CO_146_2_29_A_A_2_16 1 0 0 1 0 0 1 2.8 2.1 0.98 1 0 0 0 0
CO_146_2_29_A_A_2_17 1 0 0 1 0 0 1 6.35 2.75 1.15 0 1 0 0 0
CO_146_2_29_A_A_3_20 1 0 0 1 0 1 0 5.89 4.61 2.27 0 1 0 0 0
CO_146_2_29_A_A_3_21 1 0 0 1 0 0 1 4.3 4.14 1.29 1 0 0 0 0
CO_146_2_29_A_A_3_22 1 0 0 1 0 0 1 5.22 4.05 1.34 1 0 0 0 0
CO_146_2_29_A_A_3_23 1 0 0 1 0 0 1 3.84 6.26 1.1 1 0 0 0 0
CO_146_2_29_A_A_3_24 1 0 0 1 0 0 1 6.77 4.63 0.82 1 0 0 0 0
CO_146_2_29_A_A_3_25 1 0 0 1 0 1 0 3.65 3.43 0.5 1 0 0 0 0
CO_146_2_29_A_A_3_26 1 0 0 1 0 0 1 6 4.96 1.52 1 0 0 0 0
CO_146_2_29_A_E_2_1 1 0 0 1 0 0 1 4.11 4.82 0.78 1 0 0 0 0
CO_146_2_29_A_E_2_2 1 0 0 1 0 0 1 4.18 4.82 1.07 1 0 0 0 0
CO_146_2_29_A_E_2_3 1 0 0 1 0 0 1 4.24 3.67 1.87 1 0 0 0 0
CO_146_2_29_A_E_1_2 1 0 0 1 0 0 1 8.17 6.04 2.9 0 0 1 0 0
CO_146_2_29_A_G4_1 1 0 0 1 0 1 0 3.95 5.78 1.8 1 0 0 0 0
CO_146_2_29_A_G_2_2 1 0 0 1 0 0 1 2.36 3.65 0.9 1 0 0 0 0
CO_146_2_29_A_G_2_3 1 0 0 1 0 0 1 3.82 4.02 1.61 1 0 0 0 0
CO_146_2_29_A_G_2_4 1 0 0 1 0 0 1 4.34 4.88 3.11 0 1 0 0 0
CO_146_2_29_A_G_3_14 1 0 0 1 0 0 1 2.67 2.92 0.65 1 0 0 0 0
CO_146_2_29_A_G_3_15 1 0 0 1 0 0 1 6.72 5.03 2.19 1 0 0 0 0
CO_146_2_29_A_G_3_16 1 0 0 1 0 0 1 2.64 1.96 0.62 1 0 0 0 0
CO_146_2_29_A_G_3_17 1 0 0 1 0 0 1 2.18 2.7 1.14 1 0 0 0 0
CO_146_2_29_A_G_3_18 1 0 0 1 0 1 0 4.46 4.45 1.23 1 0 0 0 0
CO_146_2_29_A_G_3_19 1 0 0 1 0 0 1 4.15 5.91 1.21 1 0 0 0 0
CO_146_2_29_A_G_3_20 1 0 0 1 0 0 1 2.07 1.75 2.37 0 1 0 0 0
CO_146_2_29_A_G_3_21 1 0 0 1 0 0 1 3.92 5.35 3.25 1 0 0 0 0
CO_146_2_29_A_G_3_22 1 0 0 1 0 0 1 4 5.07 1.27 1 0 0 0 0
CO_146_2_29_A_E4_20 1 0 0 1 0 0 1 5.83 3.9 1.22 1 0 0 0 0
CO_146_2_29_A_E4_21 1 0 0 1 0 0 1 1.16 2.51 0.46 1 0 0 0 0
CO_146_2_29_A_E4_22 1 0 0 1 0 0 1 8.86 8.9 2.27 1 0 0 0 0
CO_146_2_29_A_E4_23 1 0 0 1 0 0 1 3.02 3.71 1.29 1 0 0 0 0
CO_146_2_29_A_E4_24 1 0 0 1 0 0 1 4.09 4.83 1.29 1 0 0 0 0
CO_146_2_29_A_E4_25 1 0 0 1 0 0 1 4.82 4.47 1.16 1 0 0 0 0
CO_146_2_29_A_E4_26 1 0 0 1 0 0 1 3.42 2.06 0.64 1 0 0 0 0
CO_146_2_29_A_E4_27 1 0 0 1 0 0 1 3.05 5.93 1.44 1 0 0 0 0
CO_146_2_29_A_E4_28 1 0 0 1 0 0 1 2.53 3.05 0.38 1 0 0 0 0
CO_146_2_29_A_E4_29 1 0 0 1 0 0 1 4.22 6.49 1.12 1 0 0 0 0
CO_146_2_29_A_E4_30 1 0 0 1 0 0 1 5.05 4 1.13 1 0 0 0 0
CO_146_2_29_A_E4_31 1 0 0 1 0 0 1 1.67 2.1 0.3 1 0 0 0 0
CO_146_2_29_A_E4_32 1 0 0 1 0 0 1 5.18 5.43 1.11 0 1 0 0 0
CO_146_2_29_A_E4_33 1 0 0 1 0 0 1 3 2.29 0.93 1 0 0 0 0
CO_146_2_29_A_E4_34 1 0 0 1 0 0 1 6.22 3.47 0.87 0 1 0 0 0
CO_146_2_29_A_E4_35 1 0 0 1 0 0 1 1.74 1.62 0.57 0 1 0 0 0
CO_146_2_29_A_E4_36 1 0 0 1 0 0 1 4.65 3.9 1.73 1 0 0 0 0
CO_146_2_29_A_H_2_1 1 0 0 1 0 0 1 3.28 6.07 1.3 1 0 0 0 0
CO_146_2_29_A_H_2_2 1 0 0 1 0 0 1 2.8 2.82 0.94 1 0 0 0 0
CO_146_2_29_A_H_2_3 1 0 0 1 0 0 1 4.74 4.1 1.54 1 0 0 0 0
CO_146_2_29_A_H_2_4 1 0 0 1 0 1 0 3.89 4.45 1.74 1 0 0 0 0
CO_146_2_29_A_H_2_5 1 0 0 1 0 0 1 3.19 5.63 1.47 1 0 0 0 0
CO_146_2_29_A_H_2_6 1 0 0 1 0 0 1 2.6 2.88 1.1 1 0 0 0 0
CO_146_2_29_A_H_2_7 1 0 0 1 0 1 0 3.35 4.53 1.94 1 0 0 0 0
CO_146_2_29_A_H_2_8 1 0 0 1 0 0 1 3.69 2.42 0.93 1 0 0 0 0
CO_146_2_29_A_A1_10 1 0 0 1 0 0 1 2.32 3.04 0.63 1 0 0 0 0
CO_146_2_29_A_A1_11 1 0 0 1 0 0 1 6 4.6 1.69 0 1 0 0 0
CO_146_2_29_A_A4_1 1 0 0 1 0 1 0 3.07 2.27 1.11 1 0 0 0 0
CO_146_2_29_A_C4_1 1 0 0 1 0 0 1 4.37 9.68 2.02 1 0 0 0 0
CO_145_2_29_A_B3_3 1 0 0 1 0 0 1 3.83 5.26 1.39 0 1 0 0 0
CO_145_2_29_A_G_3_11 1 0 0 1 0 0 1 2.94 6.75 0.89 1 0 0 0 0
CO_145_2_29_A_G_2_1 1 0 0 1 0 0 1 5.47 4.78 1.52 0 1 0 0 0
CO_145_2_29_A_C1_1 1 0 0 1 0 1 0 3.98 6.05 1.8 1 0 0 0 0
CO_145_2_29_A_D_3_3 1 0 0 1 0 1 0 6.14 4.52 1.03 0 1 0 0 0
CO_145_2_29_A_D_3_4 1 0 0 1 0 0 1 4.89 9.31 2.66 1 0 0 0 0
CO_145_2_29_A_H_2_12 1 0 0 1 0 0 1 4.64 5.53 2.64 0 1 0 0 0
CO_145_2_29_A_F_2 1 0 0 1 0 0 1 4.91 4.29 2.86 0 1 0 0 0
CO_145_2_29_A_E4_16 1 0 0 1 0 0 1 7.29 5.49 0.81 1 0 0 0 0
CO_145_2_29_A_A_2_18 1 0 0 1 0 0 1 5.51 7.26 2.72 1 0 0 0 0
CO_145_2_29_A_A_3_27 1 0 0 1 0 1 0 4.65 8.6 1.3 1 0 0 0 0
CO_145_2_29_A_B1_11 1 0 0 1 0 0 1 3.03 5.35 1.95 1 0 0 0 0
CO_145_2_29_A_F4_7 1 0 0 1 0 0 1 3.36 2.95 0.53 1 0 0 0 0
CO_145_2_29_A_G5_1 1 0 0 1 0 0 1 4.4 5.94 1.46 1 0 0 0 0
CO_145_2_29_A_G5_2 1 0 0 1 0 0 1 5.49 3.5 1.27 1 0 0 0 0
CO_145_2_29_A_G5_3 1 0 0 1 0 0 1 4.59 8.27 1.78 0 1 0 0 0
CO_145_2_29_A_H5 1 0 0 1 0 0 1 5.62 7.35 2.3 1 0 0 0 0
CO_145_2_29_A_H1 1 0 0 1 0 0 1 7.89 8.72 1.99 1 0 0 0 0
CO_145_2_29_A_H2_1 1 0 0 1 0 1 0 3.76 5.22 1.19 0 1 0 0 0
CO_145_2_29_A_H2_2 1 0 0 1 0 0 1 9.66 5.49 2.17 0 1 0 0 0
CO_145_2_29_A_A_2_19 1 0 0 1 0 1 0 2.94 5.31 0.56 1 0 0 0 0
CO_145_2_29_A_F1_1 1 0 0 1 0 0 1 4.21 6 1.35 1 0 0 0 0
CO_145_2_29_A_F2 1 0 0 1 0 0 1 9.28 6.14 1.45 1 0 0 0 0
CO_145_2_29_A_G4_2 1 0 0 1 0 0 1 5.55 3.1 0.91 1 0 0 0 0
CO_145_2_29_A_G2 1 0 0 1 0 0 1 3.83 5.37 1.28 1 0 0 0 0
CO_145_2_29_A_G3_13 1 0 0 1 0 1 0 4.52 4.76 1.62 1 0 0 0 0
CO_145_2_29_A_G3_14 1 0 0 1 0 1 0 5.75 5.15 1.95 0 1 0 0 0
CO_145_2_29_A_A1_8 1 0 0 1 0 1 0 3.67 2.98 1.22 1 0 0 0 0
CO_145_2_29_A_B5_3 1 0 0 1 0 1 0 4.65 7.03 1.92 1 0 0 0 0
CO_145_2_29_A_B2_2 1 0 0 1 0 0 1 5.58 4.63 1.55 1 0 0 0 0
CO_145_2_29_A_C4_2 1 0 0 1 0 0 1 7 5.89 1.75 1 0 0 0 0
CO_145_2_29_A_G3_15 1 0 0 1 0 1 0 6.83 5.46 1.77 1 0 0 0 0
CO_145_2_29_A_F_1_2 1 0 0 1 0 0 1 3.32 2.48 1 1 0 0 0 0
CO_145_2_29_A_F_1_3 1 0 0 1 0 1 0 2.3 1.63 0.5 1 0 0 0 0
CO_145_2_29_A_F_1_4 1 0 0 1 0 0 1 4.13 2.92 0.55 1 0 0 0 0
CO_145_2_29_A_C5_3 1 0 0 1 0 0 1 8.31 8.45 2.29 1 0 0 0 0
CO_145_2_29_A_E4_17 1 0 0 1 0 1 0 5.24 4.22 1.76 1 0 0 0 0
CO_145_2_29_A_E4_18 1 0 0 1 0 0 1 2.87 2.6 1.51 0 1 0 0 0
CO_145_2_29_A_E4_19 1 0 0 1 0 1 0 3.77 1.4 0.34 1 0 0 0 0
CO_145_2_29_A_F1_2 1 0 0 1 0 1 0 4.6 7.64 2.35 1 0 0 0 0
CO_145_2_29_A_C1_2 1 0 0 1 0 0 1 10.43 2.68 3.34 1 0 0 0 0
CO_145_2_29_A_G1 1 0 0 1 0 0 1 5 6 1.49 0 0 0 1 0
CO_145_2_29_A_G_2_2 1 0 0 1 0 0 1 7.15 4.73 1.97 1 0 0 0 0
CO_145_2_29_A_D1 1 0 0 1 0 0 1 3.83 6.27 1.08 1 0 0 0 0
CO_145_2_29_A_A_2_20 1 0 0 1 0 0 1 3.46 4 0.52 1 0 0 0 0
CO_145_2_29_A_A_2_21 1 0 0 1 0 0 1 3.52 2.65 1.89 0 1 0 0 0
CO_145_2_29_A_A_3_28 1 0 0 1 0 0 1 4.63 4.45 2.67 1 0 0 0 0
CO_145_2_29_A_A_3_29 1 0 0 1 0 0 1 2.3 1.87 0.59 1 0 0 0 0
CO_145_2_29_A_A_3_30 1 0 0 1 0 0 1 2.92 5.39 1.8 1 0 0 0 0
CO_145_2_29_A_A_3_31 1 0 0 1 0 0 1 2.44 1.56 0.85 0 1 0 0 0
CO_145_2_29_A_A_3_32 1 0 0 1 0 0 1 4 4.52 2.24 1 0 0 0 0
CO_145_2_29_A_A_3_33 1 0 0 1 0 0 1 9.78 5.43 2.22 1 0 0 0 0
CO_145_2_29_A_A4_2 1 0 0 1 0 0 1 5.15 6.32 1.31 1 0 0 0 0
CO_145_2_29_A_A_3_34 1 0 0 1 0 0 1 2.84 3.51 0.74 1 0 0 0 0
CO_145_2_29_A_A_3_35 1 0 0 1 0 0 1 3.29 4.08 2.59 1 0 0 0 0
CO_145_2_29_A_A_3_36 1 0 0 1 0 1 0 2.94 1.59 0.5 1 0 0 0 0
CO_145_2_29_A_A_2_22 1 0 0 1 0 0 1 3.01 4.01 1.27 1 0 0 0 0
CO_148_2_29_C_G_38 1 0 0 1 0 0 1 7.79 5.47 2.65 1 0 0 0 0
CO_148_2_29_C_E_9_1 1 0 0 1 0 1 0 3.91 5.1 0.92 0 1 0 0 0
CO_148_2_29_C_B_20 1 0 0 1 0 0 1 6.07 2.93 1.76 1 0 0 0 0
CO_148_2_29_C_H_8_1 1 0 0 1 0 0 1 2.6 2.56 0.72 1 0 0 0 0
CO_148_2_29_C_H_8_2 1 0 0 1 0 0 1 3.82 3 1.1 1 0 0 0 0
CO_148_2_29_C_H_8_3 1 0 0 1 0 0 1 1.83 3 0.9 1 0 0 0 0
CO_148_2_29_C_H_21_2 1 0 0 1 0 0 1 5.45 4.56 1.28 1 0 0 0 0
CO_148_2_29_C_H_21_3 1 0 0 1 0 0 1 4.9 8.53 2.11 1 0 0 0 0
CO_148_2_29_C_H_21_5 1 0 0 1 0 0 1 8.94 7.37 1.97 1 0 0 0 0
CO_148_2_29_C_F_37_1 1 0 0 1 0 1 0 2.48 2.55 1.13 1 0 0 0 0
CO_148_2_29_C_F_37_2 1 0 0 1 0 0 1 4.6 6.52 1.38 1 0 0 0 0
CO_148_2_29_C_H_37_1 1 0 0 1 0 0 1 3.37 4.67 0.9 1 0 0 0 0
CO_148_2_29_C_H_36_1 1 0 0 1 0 0 1 6.77 4.49 0.93 1 0 0 0 0
CO_148_2_29_C_H_36_2 1 0 0 1 0 0 1 4.79 3.6 1.86 1 0 0 0 0
CO_148_2_29_C_H_36_3 1 0 0 1 0 0 1 3.94 6.72 2 0 0 0 1 0
CO_148_2_29_C_F_4 1 0 0 1 0 0 1 10.35 6.29 2.57 1 0 0 0 0
CO_148_2_29_C_E_4 1 0 0 1 0 1 0 1.8 2.37 0.77 1 0 0 0 0
CO_148_2_29_C_E_9_2 1 0 0 1 0 0 1 4.4 1.61 1.05 1 0 0 0 0
CO_148_2_29_C_E_9_3 1 0 0 1 0 1 0 7.08 5.74 1.1 0 1 0 0 0
CO_148_2_29_C_D_21 1 0 0 1 0 0 1 7.52 5.08 0.58 1 0 0 0 0
CO_148_2_29_C_F_29 1 0 0 1 0 1 0 3.18 2 0.9 1 0 0 0 0
CO_148_2_29_C_F_16_1 1 0 0 1 0 1 0 2.4 4.22 0.77 1 0 0 0 0
CO_148_2_29_C_F_16_2 1 0 0 1 0 1 0 3.05 4.93 1.65 0 1 0 0 0
CO_148_2_29_C_B_30 1 0 0 1 0 0 1 6.2 8.16 2.52 0 1 0 0 0
CO_148_2_29_C_B_27_1 1 0 0 1 0 0 1 6.67 10.76 1.95 1 0 0 0 0
CO_148_2_29_C_B_27_2 1 0 0 1 0 0 1 5.33 7.4 1.49 1 0 0 0 0
CO_148_2_29_C_H_6 1 0 0 1 0 0 1 4 4.41 0.87 1 0 0 0 0
CO_148_2_29_C_H_23_2 1 0 0 1 0 0 1 3.55 4.18 1.27 1 0 0 0 0
CO_148_2_29_C_G_16_1 1 0 0 1 0 0 1 4.03 3.89 1.07 1 0 0 0 0
CO_148_2_29_C_G_16_2 1 0 0 1 0 1 0 4.72 5.8 1 1 0 0 0 0
CO_148_2_29_C_G_16_3 1 0 0 1 0 0 1 4.27 4.93 2.34 1 0 0 0 0
CO_148_2_29_C_G_16_4 1 0 0 1 0 0 1 1.75 4.73 0.61 0 1 0 0 0
CO_148_2_29_C_G_16_5 1 0 0 1 0 0 1 7.98 5.92 2.12 0 1 0 0 0
CO_148_2_29_C_G_16_6 1 0 0 1 0 0 1 4.37 2.74 1.15 0 1 0 0 0
CO_148_2_29_C_G_16_7 1 0 0 1 0 0 1 4.3 5.96 2.32 1 0 0 0 0
CO_148_2_29_C_G_16_8 1 0 0 1 0 1 0 3.84 3.07 1.39 1 0 0 0 0
CO_148_2_29_C_G_16_9 1 0 0 1 0 1 0 1.48 3.53 0.57 1 0 0 0 0
CO_148_2_29_C_G_16_10 1 0 0 1 0 1 0 2.02 3.8 0.37 1 0 0 0 0
CO_148_2_29_C_G_16_11 1 0 0 1 0 0 1 1.88 1.64 0.3 1 0 0 0 0
CO_148_2_29_C_D_23_1 1 0 0 1 0 0 1 1.33 3.25 0.94 1 0 0 0 0
CO_148_2_29_C_D_23_2 1 0 0 1 0 0 1 1.88 5.4 0.85 1 0 0 0 0
CO_148_2_29_C_H_13 1 0 0 1 0 0 1 3.49 2.3 1.26 1 0 0 0 0
CO_148_2_29_C_F_30 1 0 0 1 0 0 1 6.57 2.38 2.06 1 0 0 0 0
CO_148_2_29_C_F_7_1 1 0 0 1 0 1 0 3.33 2.03 1.27 1 0 0 0 0
CO_148_2_29_C_E_30_1 1 0 0 1 0 1 0 18.9 14.25 3.77 1 0 0 0 0
CO_148_2_29_C_C_28 1 0 0 1 0 0 1 4.77 4.66 0.97 0 1 0 0 0
CO_148_2_29_C_F_7_2 1 0 0 1 0 0 1 5.26 4.62 0.77 1 0 0 0 0
CO_148_2_29_C_F_7_3 1 0 0 1 0 0 1 2.76 3.83 1.16 1 0 0 0 0
CO_148_2_29_C_C_31_1 1 0 0 1 0 1 0 6 5.49 1.2 1 0 0 0 0
CO_148_2_29_C_C_31_2 1 0 0 1 0 0 1 2.7 3.13 0.99 0 1 0 0 0
CO_148_2_29_C_D_31_1 1 0 0 1 0 0 1 3.92 6.03 1.24 1 0 0 0 0
CO_148_2_29_C_G_16_13 1 0 0 1 0 0 1 6.02 4.39 1.27 1 0 0 0 0
CO_148_2_29_C_G_16_14 1 0 0 1 0 0 1 3.03 2.21 2.45 0 1 0 0 0
CO_148_2_29_C_G_16_15 1 0 0 1 0 0 1 3.62 4.2 2.28 0 1 0 0 0
CO_148_2_29_C_G_16_16 1 0 0 1 0 0 1 3.44 3.79 0.84 1 0 0 0 0
CO_148_2_29_C_G_16_17 1 0 0 1 0 0 1 3.94 2.5 1.27 1 0 0 0 0
CO_148_2_29_C_G_16_18 1 0 0 1 0 0 1 3.4 2.81 0.63 1 0 0 0 0
CO_148_2_29_C_E_30_2 1 0 0 1 0 1 0 7.8 3.47 1.94 0 0 0 1 0
CO_148_2_29_C_E_37 1 0 0 1 0 0 1 6.36 7.6 2.23 1 0 0 0 0
CO_148_2_29_C_H_37_2 1 0 0 1 0 0 1 4.7 2.46 1.88 1 0 0 0 0
CO_148_2_29_C_H_36_6 1 0 0 1 0 0 1 2.6 4.7 0.35 1 0 0 0 0
CO_148_2_29_C_H_36_7 1 0 0 1 0 0 1 2.85 3.03 0.96 1 0 0 0 0
CO_148_2_29_C_H_36_8 1 0 0 1 0 0 1 5.71 5.32 1.78 1 0 0 0 0
CO_148_2_29_C_H_36_9 1 0 0 1 0 0 1 2.02 3.53 0.85 1 0 0 0 0
CO_148_2_29_C_H_36_10 1 0 0 1 0 1 0 5.23 2.22 0.74 1 0 0 0 0
CO_148_2_29_C_H_36_11 1 0 0 1 0 0 1 2.87 2.6 0.88 1 0 0 0 0
CO_148_2_29_C_H_38_1 1 0 0 1 0 0 1 3.04 3.16 1.7 1 0 0 0 0
CO_148_2_29_C_E_30_3 1 0 0 1 0 1 0 3.35 3.06 1.03 1 0 0 0 0
CO_148_2_29_C_E_33 1 0 0 1 0 1 0 3.56 2.95 1.08 1 0 0 0 0
CO_148_2_29_C_D_31_2 1 0 0 1 0 0 1 6.78 4.95 1.52 1 0 0 0 0
CO_148_2_29_C_D_34 1 0 0 1 0 0 1 4.49 6.26 1.18 1 0 0 0 0
CO_148_2_29_C_H_34 1 0 0 1 0 0 1 6.25 7.36 1.46 1 0 0 0 0
CO_148_2_29_C_H_37_3 1 0 0 1 0 0 1 3.58 2.9 1.08 1 0 0 0 0
CO_148_2_29_C_D_4 1 0 0 1 0 0 1 8.49 5.33 0.64 1 0 0 0 0
CO_148_2_29_C_G_30 1 0 0 1 0 0 1 2.69 4.88 1.28 1 0 0 0 0
CO_148_2_29_C_E_8_1 1 0 0 1 0 1 0 3.31 3.74 0.91 1 0 0 0 0
CO_148_2_29_C_F_8_1 1 0 0 1 0 1 0 1.62 3.31 0.88 1 0 0 0 0
CO_148_2_29_C_F_8_2 1 0 0 1 0 1 0 1.52 2.62 0.66 1 0 0 0 0
CO_148_2_29_C_F_8_3 1 0 0 1 0 0 1 3.13 2.45 0.63 1 0 0 0 0
CO_148_2_29_C_F_8_4 1 0 0 1 0 0 1 6 4.2 2.24 1 0 0 0 0
CO_148_2_29_C_F_8_5 1 0 0 1 0 0 1 3.57 6.14 1.96 1 0 0 0 0
CO_148_2_29_C_F_8_6 1 0 0 1 0 0 1 5.71 3.2 1.83 1 0 0 0 0
CO_148_2_29_C_F_8_7 1 0 0 1 0 1 0 2.93 2.05 0.53 1 0 0 0 0
CO_148_2_29_C_F_8_8 1 0 0 1 0 0 1 6 4.03 2.27 0 1 0 0 0
CO_148_2_29_C_F_8_9 1 0 0 1 0 0 1 5.54 4.45 1.43 1 0 0 0 0
CO_147_2_29_B_B40 0 1 0 1 0 0 1 4.94 10.91 7.29 0 0 1 0 0
CO_147_2_29_B_C38_2 0 1 0 1 0 1 0 2.81 6.38 5.67 0 0 1 0 0
CO_147_2_29_B_C38_3 0 1 0 1 0 0 1 3.63 8.13 6.27 0 0 1 0 0
CO_147_2_29_B_D20 0 1 0 1 0 1 0 3.73 3.24 2.97 0 0 1 0 0
CO_147_2_29_B_F31 0 1 0 1 0 0 1 2.27 7.82 6.25 0 0 1 0 0
CO_147_2_29_B_F6 0 1 0 1 0 1 0 7.05 9.76 9.25 0 0 1 0 0
CO_147_2_29_B_B10_1 0 1 0 1 0 0 1 10.83 5.67 3.29 0 0 1 0 0
CO_147_2_29_B_H8 0 1 0 1 0 1 0 2.46 4.99 4.45 0 0 1 0 0
CO_147_2_29_B_D8 0 1 0 1 0 0 1 4.91 10.01 5.25 0 0 1 0 0
CO_147_2_29_B_D10 0 1 0 1 0 1 0 3.47 8.27 5.72 0 0 1 0 0
CO_147_2_29_B_E6_1 0 1 0 1 0 0 1 10.5 7.96 4.89 0 0 1 0 0
CO_147_2_29_B_B7 0 1 0 1 0 0 1 8.54 5.03 2.32 0 0 1 0 0
CO_147_2_29_B_A8 0 1 0 1 0 0 1 3.71 9.28 8.79 0 0 1 0 0
CO_147_2_29_B_A10 0 1 0 1 0 1 0 5.18 4.7 3.72 0 0 1 0 0
CO_147_2_29_B_F32 0 1 0 1 0 0 1 7.43 9.86 3.92 0 0 1 0 0
CO_147_2_29_B_B18 0 1 0 1 0 0 1 4.88 12.37 11.07 0 0 1 0 0
CO_147_2_29_B_E23 0 1 0 1 0 0 1 4.4 13.14 8.74 0 0 1 0 0
CO_147_2_29_B_E26_2 0 1 0 1 0 0 1 2.47 8.28 7.65 0 0 1 0 0
CO_147_2_29_B_E27_1 0 1 0 1 0 0 1 4.35 8.69 6.35 0 0 1 0 0
CO_147_2_29_B_D28 0 1 0 1 0 0 1 4.6 12.12 7.82 0 0 1 0 0
CO_147_2_29_B_C48_2 0 1 0 1 0 0 1 3.97 9.87 9.63 0 0 1 0 0
CO_147_2_29_B_B45_1 0 1 0 1 0 1 0 4.15 8.29 4.25 0 0 1 0 0
CO_147_2_29_B_B6_5 0 1 0 1 0 0 1 2.58 6.83 6.39 0 0 1 0 0
CO_147_2_29_B_I19 0 1 0 1 0 0 1 5.74 5.12 2.68 0 0 1 0 0
CO_147_2_29_B_A6_1 0 1 0 1 0 0 1 3.17 6.7 4.91 0 0 1 0 0
CO_147_2_29_B_A6_2 0 1 0 1 0 1 0 8.8 7.08 2.81 0 0 1 0 0
CO_147_2_29_B_A10_3 0 1 0 1 0 1 0 7.7 6.75 3.53 0 0 1 0 0
CO_147_2_29_B_G27 0 1 0 1 0 0 1 9.8 14.14 2.04 0 0 1 0 0
CO_147_2_29_B_E39 0 1 0 1 0 0 1 7.6 8.41 4.67 0 0 0 0 1
CO_147_2_29_B_A20_2 0 1 0 1 0 0 1 3.87 5.44 1.95 0 0 1 0 0
CO_147_2_29_B_C35 0 1 0 1 0 0 1 8.82 12.19 3.18 0 0 1 0 0
CO_147_2_29_B_E7 0 1 0 1 0 0 1 9.59 9.37 3.43 0 0 1 0 0
CO_147_2_29_B_D9 0 1 0 1 0 1 0 1.9 4.57 5.14 0 0 1 0 0
CO_146_2_29_A_C_2 0 1 0 1 0 0 1 4.06 7.52 5.6 0 0 1 0 0
CO_146_2_29_A_A5_1 0 1 0 1 0 0 1 4.39 5.8 4.13 0 0 1 0 0
CO_146_2_29_A_A_1_3 0 1 0 1 0 0 1 3.95 8.97 6.84 0 0 1 0 0
CO_146_2_29_A_A_2_2 0 1 0 1 0 0 1 3.56 6.13 6.9 0 0 1 0 0
CO_146_2_29_A_A_3_8 0 1 0 1 0 0 1 3.88 9.33 8.98 0 0 1 0 0
CO_146_2_29_A_A_3_9 0 1 0 1 0 0 1 3.2 7.87 8.59 0 0 1 0 0
CO_146_2_29_A_E4_13 0 1 0 1 0 0 1 3.69 3.91 2.92 0 0 1 0 0
CO_146_2_29_A_E4_14 0 1 0 1 0 0 1 8.08 6.47 3.23 0 0 1 0 0
CO_146_2_29_A_E4_15 0 1 0 1 0 0 1 7.01 6.36 5.78 0 0 0 0 1
CO_146_2_29_A_C_1_8 0 1 0 1 0 0 1 2.11 5.32 5.6 0 0 1 0 0
CO_146_2_29_A_B1_6 0 1 0 1 0 0 1 7.64 5.5 4.61 0 0 1 0 0
CO_146_2_29_A_B1_7 0 1 0 1 0 0 1 5.06 3.65 3.1 0 0 1 0 0
CO_146_2_29_A_B1_8 0 1 0 1 0 0 1 8.26 7.64 4.81 0 0 1 0 0
CO_146_2_29_A_G3_11 0 1 0 1 0 0 1 6.27 3.96 1.97 0 0 1 0 0
CO_146_2_29_A_G3_12 0 1 0 1 0 0 1 6.72 5.77 2.5 0 0 1 0 0
CO_146_2_29_A_G_3_9 0 1 0 1 0 0 1 3.89 7.17 6.04 0 0 1 0 0
CO_146_2_29_A_G_3_10 0 1 0 1 0 0 1 5.92 5.25 3.28 0 0 1 0 0
CO_146_2_29_A_A1_7 0 1 0 1 0 0 1 2.68 9.47 5.98 0 0 1 0 0
CO_146_2_29_A_A2_2 0 1 0 1 0 1 0 5.09 5.76 4.13 0 0 1 0 0
CO_146_2_29_A_A3 0 1 0 1 0 1 0 4.97 8.98 3.1 0 0 1 0 0
CO_146_2_29_A_A_1_5 0 1 0 1 0 0 1 2.97 5.07 2.88 0 0 1 0 0
CO_146_2_29_A_A_2_8 0 1 0 1 0 1 0 7.77 6.63 3.17 0 0 1 0 0
CO_146_2_29_A_A_2_9 0 1 0 1 0 0 1 6.91 5.58 2.8 0 0 0 0 1
CO_146_2_29_A_E_1_3 0 1 0 1 0 1 0 3.12 10.47 7.7 0 0 1 0 0
CO_146_2_29_A_D_3_2 0 1 0 1 0 0 1 6.04 6.41 2.42 0 0 1 0 0
CO_146_2_29_A_A_3_17 0 1 0 1 0 1 0 1.92 5.82 7.07 0 0 1 0 0
CO_146_2_29_A_A_3_18 0 1 0 1 0 0 1 3.53 3.44 1.8 0 0 1 0 0
CO_146_2_29_A_A_3_19 0 1 0 1 0 0 1 1.97 5.12 4.5 0 0 1 0 0
CO_146_2_29_A_E_2_4 0 1 0 1 0 0 1 3.13 10.2 7.64 0 0 1 0 0
CO_146_2_29_A_G_2_5 0 1 0 1 0 1 0 3.68 3.42 2.34 0 0 1 0 0
CO_146_2_29_A_G_3_23 0 1 0 1 0 0 1 2.85 6.42 3.82 0 0 1 0 0
CO_146_2_29_A_G_3_24 0 1 0 1 0 0 1 4.05 5.54 2.33 0 0 1 0 0
CO_146_2_29_A_G_3_25 0 1 0 1 0 0 1 3.69 5.08 5.24 0 0 1 0 0
CO_146_2_29_A_G_3_26 0 1 0 1 0 0 1 3.69 3.14 6.12 0 0 1 0 0
CO_146_2_29_A_G_3_27 0 1 0 1 0 0 1 5.04 7.96 9.16 0 0 1 0 0
CO_146_2_29_A_G_3_28 0 1 0 1 0 0 1 10.14 5.13 3.23 0 0 1 0 0
CO_146_2_29_A_F_1_5 0 1 0 1 0 1 0 2.03 5.5 4.63 0 0 1 0 0
CO_146_2_29_A_E4_37 0 1 0 1 0 0 1 2.85 10.01 11.9 0 0 1 0 0
CO_146_2_29_A_E4_38 0 1 0 1 0 0 1 4.96 5.59 4.36 0 0 1 0 0
CO_146_2_29_A_H_2_9 0 1 0 1 0 0 1 3.25 5.65 4.73 0 0 1 0 0
CO_146_2_29_A_H_2_10 0 1 0 1 0 0 1 6.7 9.83 6.58 0 0 0 0 1
CO_146_2_29_A_A1_9 0 1 0 1 0 0 1 6.65 8.2 2.82 0 0 1 0 0
CO_146_2_29_A_F4_8 0 1 0 1 0 0 1 15.43 4.19 3.52 0 0 1 0 0
CO_146_2_29_A_C5_4 0 1 0 1 0 0 1 15.77 7.11 3.43 0 0 1 0 0
CO_145_2_29_A_B4 0 1 0 1 0 0 1 8 7.52 3.67 0 0 1 0 0
CO_145_2_29_A_G3_13 0 1 0 1 0 0 1 3.97 7.37 1.76 0 0 1 0 0
CO_145_2_29_A_H_1_1 0 1 0 1 0 0 1 3.87 7.76 10.39 0 0 1 0 0
CO_145_2_29_A_G3_16 0 1 0 1 0 0 1 2.79 9.52 10.81 0 0 1 0 0
CO_145_2_29_A_F_3 0 1 0 1 0 0 1 3.47 7.24 9.63 0 0 1 0 0
CO_145_2_29_A_G_3_12 0 1 0 1 0 0 1 5.31 9.45 9.2 0 0 1 0 0
CO_145_2_29_A_D_2_3 0 1 0 1 0 1 0 7.29 8.37 2.85 0 0 1 0 0
CO_145_2_29_A_H3 0 1 0 1 0 0 1 5.85 4.54 1.97 0 0 0 1 0
CO_145_2_29_A_A_2_23 0 1 0 1 0 0 1 9.78 8.19 3.25 0 0 1 0 0
CO_145_2_29_A_A_2_24 0 1 0 1 0 0 1 1.92 3.91 4.48 0 0 1 0 0
CO_145_2_29_A_A_2_25 0 1 0 1 0 0 1 5.36 9.69 6.65 0 0 1 0 0
CO_145_2_29_A_A_2_26 0 1 0 1 0 0 1 1.76 6.52 3.49 0 0 1 0 0
CO_148_2_29_C_H_30 0 1 0 1 0 0 1 4.57 7.35 4.02 0 0 1 0 0
CO_148_2_29_C_D_32 0 1 0 1 0 0 1 3.1 6.2 4.53 0 0 1 0 0
CO_148_2_29_C_H_21_4 0 1 0 1 0 0 1 7.8 7.94 2.76 0 0 1 0 0
CO_148_2_29_C_H_33_1 0 1 0 1 0 0 1 10.14 13.39 1.72 0 0 1 0 0
CO_148_2_29_C_H_36_4 0 1 0 1 0 0 1 7.53 13.57 2.34 0 0 1 0 0
CO_148_2_29_C_E_18 0 1 0 1 0 0 1 3.52 8.46 4.12 0 0 1 0 0
CO_148_2_29_C_F_28 0 1 0 1 0 0 1 10.48 2.73 6.05 0 0 1 0 0
CO_148_2_29_C_F_16_3 0 1 0 1 0 1 0 9.44 6.64 5.27 0 0 1 0 0
CO_148_2_29_C_H_33_2 0 1 0 1 0 0 1 3.62 8.8 5.27 0 0 1 0 0
CO_148_2_29_C_H_23_1 0 1 0 1 0 0 1 2.93 7.04 5.67 0 0 1 0 0
CO_148_2_29_C_H_20_2 0 1 0 1 0 0 1 6.8 9.4 3.64 0 0 1 0 0
CO_148_2_29_C_E_34 0 1 0 1 0 0 1 6.78 11.49 3.76 0 0 1 0 0
CO_148_2_29_C_H_38_2 0 1 0 1 0 0 1 2.26 8.4 7.79 0 0 1 0 0
CO_148_2_29_C_H_38_3 0 1 0 1 0 0 1 9.81 10.58 5.2 0 0 1 0 0
CO_148_2_29_C_H_38_4 0 1 0 1 0 0 1 6.64 10.42 6.33 0 0 1 0 0
CO_148_2_29_C_G_35 0 1 0 1 0 0 1 4.24 8.34 9.6 0 0 1 0 0
CO_148_2_29_C_E_27 0 1 0 1 0 0 1 9.28 7.32 4.2 0 0 1 0 0
CO_147_2_29_B_H39 0 0 1 0 1 0 1 6.13 7.51 3.22 0 1 0 0 0
CO_147_2_29_B_C38_1 0 0 1 0 1 0 1 7.9 7.21 2.46 0 1 0 0 0
CO_147_2_29_B_E43 0 0 1 0 1 0 1 3.59 7.13 1.51 0 1 0 0 0
CO_147_2_29_B_C36 0 0 1 0 1 0 1 6.16 4.58 1.6 0 1 0 0 0
CO_147_2_29_B_F44 0 0 1 0 1 0 1 8.38 5.32 1.79 0 1 0 0 0
CO_147_2_29_B_C18 0 0 1 0 1 0 1 3.06 1.55 0.79 1 0 0 0 0
CO_147_2_29_B_I20_2 0 0 1 0 1 0 1 6.17 8.47 1.67 0 1 0 0 0
CO_147_2_29_B_D44 0 0 1 0 1 0 1 8.05 2.4 2.07 0 1 0 0 0
CO_147_2_29_B_H32 0 0 1 0 1 0 1 14 3.09 2.39 1 0 0 0 0
CO_147_2_29_B_H9 0 0 1 0 1 0 1 6.01 3.72 2.21 1 0 0 0 0
CO_147_2_29_B_G35 0 0 1 0 1 0 1 4.57 3.31 1.28 0 1 0 0 0
CO_147_2_29_B_D30_2 0 0 1 0 1 0 1 7.7 6.91 3.37 0 1 0 0 0
CO_147_2_29_B_E37 0 0 1 0 1 0 1 9 2.7 1.93 0 0 0 1 0
CO_147_2_29_B_A10_3 0 0 1 0 1 0 1 4.84 3.89 2.45 1 0 0 0 0
CO_147_2_29_B_C10 0 0 1 0 1 0 1 17.95 8.2 4.39 1 0 0 0 0
CO_147_2_29_B_D6 0 0 1 0 1 0 1 7.35 7.8 1.61 0 1 0 0 0
CO_146_2_29_A_B1_5 0 0 1 0 1 0 1 9.02 3.06 1.23 1 0 0 0 0
CO_146_2_29_A_G3_10 0 0 1 0 1 0 1 6.72 2.94 1.27 1 0 0 0 0
CO_146_2_29_A_G_3_8 0 0 1 0 1 0 1 11 5.57 2.44 1 0 0 0 0
CO_146_2_29_A_E_1_2 0 0 1 0 1 0 1 8.12 7.85 5.23 1 0 0 0 0
CO_146_2_29_A_D_2_2 0 0 1 0 1 0 1 5.03 5.05 1.29 1 0 0 0 0
CO_146_2_29_A_G_2_1 0 0 1 1 0 0 1 6.31 6.66 1.92 0 1 0 0 0
CO_146_2_29_A_G_3_13 0 0 1 1 0 0 1 1.47 4.25 5.72 1 0 0 0 0
CO_146_2_29_A_H_2_11 0 0 1 1 0 0 1 4.54 3.36 1.47 1 0 0 0 0
CO_145_2_29_A_E1 0 0 1 0 1 0 1 15.18 7.01 3.36 1 0 0 0 0
CO_145_2_29_A_H3 0 0 1 0 1 0 1 6.76 7.5 3.5 0 0 0 1 0
CO_145_2_29_A_B5_6 0 0 1 0 1 0 1 9.94 6.55 1.66 0 1 0 0 0
CO_145_2_29_A_H2_3 0 0 1 0 1 0 1 8.93 3.45 2.45 1 0 0 0 0
CO_145_2_29_A_H_1_2 0 0 1 0 1 0 1 3.2 3.9 2.03 1 0 0 0 0
CO_145_2_29_A_B1_12 0 0 1 0 1 0 1 31.22 15.05 8.23 1 0 0 0 0
CO_145_2_29_A_B2_3 0 0 1 0 1 0 1 13.46 20.8 5.91 0 1 0 0 0
CO_148_2_29_C_H_21_1 0 0 1 0 1 0 1 7.38 5.7 4.33 0 0 0 1 0
CO_148_2_29_C_G_28 0 0 1 0 1 0 1 8.22 6.59 1.66 0 1 0 0 0
CO_148_2_29_C_H_36_5 0 0 1 0 1 0 1 9.66 9.2 3.26 1 0 0 0 0
CO_148_2_29_C_G_5 0 0 1 0 1 0 1 10.2 5.78 1.72 0 1 0 0 0
CO_148_2_29_C_H_20_1 0 0 1 0 1 0 1 13.4 6.08 3.2 0 1 0 0 0
CO_148_2_29_C_B_28 0 0 1 0 1 0 1 4.56 2.02 1.65 1 0 0 0 0
CO_148_2_29_C_C_36 0 0 1 0 1 0 1 5.46 6.52 2.66 0 1 0 0 0
CO_148_2_29_C_D_33_1 0 0 1 0 1 0 1 13.2 8.48 1.82 0 1 0 0 0
CO_148_2_29_C_D_33_2 0 0 1 0 1 0 1 9.46 6.8 6.46 1 0 0 0 0
CO_148_2_29_C_G_16_12 0 0 1 0 1 0 1 12.8 9.02 3.42 1 0 0 0 0
CO_148_2_29_C_E_35 0 0 1 0 1 0 1 15.74 5.78 2.8 1 0 0 0 0
CO_148_2_29_C_D_37 0 0 1 0 1 0 1 10.27 6.17 1.54 1 0 0 0 0
CO_148_2_29_C_D_29 0 0 1 0 1 0 1 11.3 3.05 2.84 1 0 0 0 0
CO_148_2_29_C_G_33 0 0 1 0 1 0 1 5.22 2.43 2.5 1 0 0 0 0
CO_148_2_29_C_E_8_1 0 0 1 0 1 0 1 5.73 5.25 1.89 1 0 0 0 0
CO_148_2_29_C_B_27 0 0 1 0 1 0 1 12.2 5 4.63 1 0 0 0 0
